1
1028
1044
1060
2
1175
1177
1208
8
1225
1309
1315
1354
1376
1391
1403
1420
1426
1439
1459
1467
1495
1540
158
1599
1641
1644
1646
1647
1661
1708
1741
1761
1763
1777
1799
1840
1851
1862
1870
1880
1882
1915
1929
1930
1971
1973
1988
1993
2013
2044
2067
2070
2073
2192
2196
2280
2340
2345
240
252
260
277
281
287
293
300
307
313
325
330
341
371
412
420
444
457
438
468
477
510
566
579
612
655
661
714
731
750
802
820
843
858
868
3539
4543
13474
9016
26972
14440
26335
5839
8606
8507
9912
18222
9959
8298
2540
14983
9750
16601
12747
22637
3603
3632
20943
6473
3120
18130
23605
536
3846
13098
10317
22909
21449
3802
15844
15244
14589
6069
15610
9549
10438
6243
19709
24555
24247
4183
5223
14574
25271
16622
7935
25404
21811
11478
6923
6510
1627
5809
19494
2111
14535
23148
3432
15220
3077
13335
5698
18134
14165
7226
8778
27217
20406
19439
6749
10485
18349
21881
26925
9553
12247
11312
19170
26262
8097
19968
4351
7220
1886
27095
3101
16582
20590
26854
11570
4001
27728
2791
6252
17483
9860
13860
19203
16506
26199
6637
14003
25532
23105
19643
13552
25067
17164
3928
13153
102
3555
6725
10988
5332
22034
12188
27494
2663
12116
9207
27349
17474
14616
20138
20541
4760
27565
9273
18829
1860
967
23457
1214
5168
4997
766
17342
4186
4676
15602
21843
1130
23822
27730
7539
24552
13151
3391
6704
104551627
5809
19494
2111
14535
23148
3432
15220
3077
13335
5698
18134
14165
7226
8778
27217
20406
19439
6749
10485
18349
21881
26925
9553
12247
11312
19170
26262
8097
19968
4351
7220
1886
27095
3101
16582
20590
26854
11570
4001
27728
2791
6252
17483
9860
13860
19203
16506
26199
66371627
5809
19494
2111
14535
23148
3432
15220
3077
13335
5698
18134
14165
7226
8778
27217
20406
19439
6749
10485
18349
21881
26925
9553
12247
11312
19170
26262
8097
19968
4351
7220
1886
27095
3101
16582
20590
26854
11570
4001
27728
2791
6252
17483
9860
13860
19203
16506
26199
6637
14003
25532
23105
19643
13552
25067
17164
3928
13153
102
3555
6725
10988
5332
22034
12188
27494
2663
12116
9207
27349
17474
14616
20138
20541
4760
27565
9273
18829
1860
967
23457
1214
5168
4997
766
17342
4186
4676
15602
21843
1130
23822
27730
7539
24552
13151
3391
6704
10455
14003
25532
23105
19643
13552
25067
17164
3928
13153
102
3555
6725
10988
5332
22034
12188
27494
2663
12116
9207
27349
17474
14616
20138
20541
4760
27565
9273
18829
1860
967
23457
1214
5168
4997
766
17342
4186
4676
15602
21843
1130
23822
27730
7539
24552
13151
3391
6704
10455
